2 149
9 714
9 8572
22 6099
33 1674
58 1995
81 702
97 6031
109 6566
154 9107
163 7670
175 1181
184 2379
186 6043
188 5770
206 3688
210 8487
222 9399
238 2191
249 8489
263 3405
263 9716
267 6571
268 4360
270 8492
276 5799
276 9507
277 1085
279 6588
282 2766
311 5847
318 5646
319 3230
323 1461
324 3242
329 875
330 9534
345 739
365 6991
369 5486
370 598
388 9903
394 2589
408 5972
421 1459
428 6002
436 9906
448 3836
457 8326
464 4429
478 8577
487 5118
509 3551
516 5587
528 7042
537 6963
544 5013
545 2291
610 4861
620 5204
625 2646
625 6865
626 4066
648 4839
654 3331
655 1176
664 6881
676 6906
718 3059
718 9089
732 6245
750 9215
773 7888
780 7262
800 8698
804 7489
816 9768
828 4342
829 6237
851 4090
851 5638
853 9628
879 5506
923 1700
938 6246
942 2605
942 2814
948 8532
954 3991
961 8686
966 3501
968 4734
980 2921
984 7059
990 6174
992 3407
1019 6066
1056 1305
1059 4375
1060 8189
1081 4406
1107 6176
1110 8514
1118 2723
1119 5766
1124 6417
1128 8312
1130 5515
1133 9139
1141 8197
1146 7936
1165 4549
1194 4900
1223 1773
1227 3673
1230 3503
1251 6248
1256 3241
1263 4701
1268 6971
1284 9964
1299 2907
1301 1891
1330 7503
1339 5061
1340 1528
1378 7295
1394 3208
1396 3292
1413 1661
1424 4079
1430 6253
1442 4947
1445 1479
1448 5394
1450 8102
1454 3827
1462 6932
1474 5155
1508 8027
1527 5546
1546 3523
1553 8837
1569 5647
1583 3669
1644 7882
1666 2686
1675 5080
1681 5551
1688 4052
1692 4057
1714 5785
1720 5382
1729 5576
1749 9006
1754 2985
1763 8745
1803 8577
1804 6260
1805 6711
1864 7514
1870 8534
1871 5051
1877 4718
1907 8484
1916 3063
1918 4639
1930 6018
1933 6122
1934 8397
1944 3913
1957 7659
1959 8025
1974 9326
1989 3219
2018 2196
2018 5540
2021 2275
2021 2350
2023 4248
2026 8303
2051 3213
2055 5367
2056 3714
2081 2149
2082 6495
2084 6776
2085 4780
2086 4354
2089 9381
2096 9182
2114 9933
2122 9018
2135 6790
2137 2690
2137 5829
2183 8938
2184 3068
2199 6870
2207 8825
2229 3511
2260 5958
2271 7160
2271 9642
2325 9273
2345 5898
2357 9694
2361 5674
2382 7030
2404 9244
2452 7958
2460 8729
2461 8032
2481 9875
2482 2769
2494 3151
2503 6268
2550 6839
2553 5180
2555 3629
2612 5174
2659 3965
2659 6010
2660 6857
2660 6911
2662 3730
2663 6437
2678 7817
2687 7978
2691 8103
2703 2726
2743 2802
2754 9735
2760 4194
2767 8629
2773 3579
2783 8768
2807 7811
2826 7676
2850 4561
2852 8433
2866 7361
2871 8022
2889 7575
2891 3229
2914 7771
2922 5100
2934 8815
2959 7349
2985 6487
3039 3278
3061 9612
3076 5310
3131 7709
3139 3266
3140 4057
3172 4668
3182 6374
3244 8667
3270 6140
3293 5589
3302 9564
3308 5778
3312 8085
3333 9948
3345 7087
3355 8589
3362 6176
3367 7084
3397 5513
3398 7285
3398 9537
3416 8062
3417 5169
3424 6095
3440 9244
3455 5479
3455 5875
3478 5499
3490 9100
3491 5097
3517 6489
3528 7165
3568 4615
3581 7164
3614 7103
3636 4034
3640 9154
3645 7630
3685 6573
3694 9116
3701 5768
3706 4372
3706 8450
3736 6616
3749 4017
3773 8629
3783 7958
3800 6532
3807 7350
3813 5669
3832 7630
3841 5299
3847 5822
3848 4849
3854 6389
3870 8442
3873 4139
3873 6100
3894 7982
3894 8869
3898 7864
3900 6882
3939 9052
3960 8986
3968 9203
3975 9227
3997 7525
4024 6329
4031 4726
4040 5394
4051 8193
4066 9521
4126 7873
4140 5131
4183 8015
4184 9720
4194 7055
4216 5728
4227 8582
4233 5852
4261 4493
4262 5188
4268 7535
4288 5254
4295 7977
4316 5849
4329 7165
4362 8276
4366 6528
4381 9541
4381 9563
4382 9786
4396 7605
4399 6790
4408 7129
4419 6270
4423 7634
4464 6912
4488 5799
4499 8754
4505 8153
4533 5695
4610 4758
4624 8467
4627 4807
4630 8145
4636 7447
4655 9450
4673 6880
4692 8808
4722 7110
4736 7306
4754 8937
4757 4788
4802 6648
4845 7154
4857 7269
4890 6119
4896 9495
4931 6206
4931 9651
4937 7829
4941 8132
4959 8095
4966 9061
4979 6685
4986 5588
4990 9125
4991 5741
4999 9116
5066 7643
5071 8240
5094 5655
5098 6421
5110 9555
5112 6802
5126 6981
5130 5444
5134 9403
5149 6013
5180 9723
5183 5869
5294 7694
5367 6442
5390 6417
5400 8894
5403 7497
5425 7289
5438 6470
5442 7157
5481 8233
5483 9703
5500 8456
5505 6102
5507 9280
5558 7445
5571 6371
5576 9066
5587 6637
5603 9191
5615 8864
5667 6459
5701 5902
5710 8446
5726 5909
5766 8434
5793 6087
5803 9709
5821 6308
5850 5931
5919 7238
5935 6025
5946 8952
5952 7045
5955 5984
5977 9999
6049 6714
6105 7877
6126 9108
6132 9440
6189 6836
6212 7710
6223 8375
6236 9142
6256 8591
6265 8348
6265 9592
6272 8478
6275 9302
6314 8271
6324 7263
6437 9512
6476 8712
6480 8806
6505 7768
6555 8265
6561 9436
6584 8098
6653 8333
6663 8938
6707 6757
6718 7130
6804 9461
6810 9944
6826 8418
6878 7649
6948 9132
6953 9043
6969 8904
6971 9704
6973 8437
6980 9251
7004 7901
7025 9994
7114 7294
7175 8050
7247 7493
7297 8013
7347 8443
7359 8051
7363 9086
7417 9384
7458 9977
7564 9191
7568 9751
7624 7858
7632 9108
7664 8432
7733 9211
7772 7986
7818 7920
7910 8638
7926 9094
7955 9653
7992 9254
8049 9568
8154 9364
8189 8863
8209 9056
8342 9559
8393 9489
8515 9670
8567 9447
8714 8981
8753 9777
8841 9967
8922 9828
8989 9682
9138 9613
9335 9529
9390 9641
9626 9723
9665 9868
9753 9943
