226 56815
335 10814
753 14424
950 86536
997 94259
1013 20941
1192 40501
1197 94252
1239 20953
1245 5394
1292 91507
1472 29891
1499 30510
1552 80580
1656 90740
1665 23280
1745 29760
1821 52825
1870 90602
2051 24066
2136 17837
2144 9684
2429 43884
2702 80690
2765 94011
2864 64435
2939 58676
2958 12526
3005 54482
3070 16780
3073 93626
3101 6339
3199 22542
3262 15151
3310 29430
3378 38456
3444 11666
3469 30701
3757 23414
3833 26416
3847 25821
3905 77872
3916 67733
3989 96619
4012 27893
4079 74717
4311 10696
4406 82013
4448 70500
4485 95911
4832 11605
4839 42130
4922 50949
4950 55839
4952 92286
5135 18495
5515 9164
5540 31212
5690 20089
5854 81042
6198 51278
6256 48205
6316 86785
6528 46335
6666 36672
6668 92927
6699 62040
6867 60317
6868 22091
6940 85980
7109 22191
7185 70430
7226 7924
7280 25237
7675 51297
7691 85188
7718 8999
7819 26965
7951 83079
7999 62815
8193 52343
8385 57494
8414 56061
8642 71273
8777 91471
8836 88008
8980 11899
9089 14857
9099 15989
9142 36068
9255 91986
9290 93849
9575 73497
9636 17320
9681 27942
10015 85147
10077 43860
10130 14663
10240 11921
10442 44957
10734 37579
10836 37165
11477 62355
11498 44966
11515 90181
11529 64902
11545 97279
11621 99803
11707 19317
11708 94937
11723 76827
11824 47348
11930 70373
11948 18263
12182 21483
12373 30221
12460 74680
12515 28143
12541 38501
12598 89269
12830 76823
12904 75001
12982 80457
12992 24278
12993 81107
13165 94892
13192 82770
13266 49230
13281 34808
13345 90818
13552 87470
13567 56333
13754 59534
13911 66635
14099 87257
14124 50394
14168 64414
14181 25494
14350 59367
14604 67429
14605 78274
14757 88215
14776 56055
14984 41566
15207 60838
15353 36994
15403 48954
15587 52995
15655 27498
15806 93674
16219 42530
16255 34924
16353 94774
16893 24778
16968 42114
17010 48217
17049 35179
17060 18850
17100 42290
17378 87429
17465 60960
17557 64631
17643 85494
17653 36223
17660 50764
18032 47264
18144 84219
18353 82586
18403 80718
18450 49586
18479 89402
18614 24981
18771 89328
18845 55697
18937 56907
19018 63788
19019 73391
19071 34398
19182 22676
19203 83464
19391 90174
19588 75815
19747 72037
19817 73116
20517 60847
20642 35965
20722 72512
20750 83552
21006 36781
21047 25557
21323 49551
21376 67279
21501 40620
22116 55178
22172 63584
22243 23385
22290 93833
22300 52741
22349 31928
22395 53573
22422 95593
22449 92086
22452 67662
22571 42852
22586 53077
22633 49616
22754 89194
22798 24227
22855 86356
22912 38678
23116 46114
23236 27389
23269 63246
23288 52896
23325 87322
23415 57199
23572 87235
23748 58032
23785 83212
23854 34442
23890 92136
23955 40807
24031 80874
24105 62213
24204 43871
24289 60387
24354 50594
24514 88196
24877 35566
24969 63420
25315 61433
25566 83040
25803 99902
25949 38154
26013 79557
26117 95405
26135 54476
26303 89104
26522 87447
26616 84246
26638 65601
26655 65356
26729 31750
26756 41577
26986 97060
27280 42224
27298 53868
27462 92876
27870 60341
28194 33026
28199 50174
28480 36823
28615 40490
28935 62179
29609 94516
29613 58335
29674 61800
29733 84152
29806 73755
30181 95791
30223 56968
30551 41206
30688 99364
30989 60535
31097 80774
31131 79113
31139 53988
31161 56255
31270 95791
31312 51079
31445 37085
31492 42852
31622 33719
31885 57996
31960 86752
32184 59979
32227 78645
32517 71323
32806 48150
32847 56580
32925 70415
33000 92778
33066 37884
33241 54867
33292 64230
33493 47937
33730 93898
33740 75763
33804 34648
33869 78862
34228 88752
34298 58025
34436 96491
34625 66446
34847 42890
35026 70613
35078 81781
35476 72241
35746 96244
35880 87921
35885 46515
35948 40555
35974 44791
35988 88935
36149 45887
36931 61693
37123 66612
37132 58489
37276 49685
37415 78100
37746 93504
37821 75245
37866 98302
37902 76029
38108 68560
38163 81337
38663 87730
38679 83205
39175 82023
39439 40615
39485 77517
39608 95165
39614 86528
39710 56711
39759 96600
39819 64811
40152 64519
40237 74815
40436 88717
40486 45643
40709 86856
40766 59784
40787 66325
41134 90268
41144 43996
41226 99765
41607 53816
41777 74958
41782 56071
41983 50830
41990 49628
42114 77064
42182 69258
42288 92103
42298 75122
42995 56249
43181 80943
43185 92963
43569 67295
43871 44824
44014 99592
44485 68935
44621 65129
45094 62340
45480 93120
45502 81743
45791 96803
46019 82904
46067 93492
46520 89776
46606 71519
46696 69217
46752 48890
46968 83123
47055 49290
47269 93206
47513 53599
47601 63925
48089 80684
48212 65312
48600 68951
48626 87753
49001 98728
49318 85689
49328 51138
49429 92211
49504 65076
49582 51904
49586 80180
49619 86643
49708 88449
49940 79868
50028 97534
50414 97536
50444 78589
51211 64342
52019 60132
52131 83859
53032 86959
53128 93961
53188 91019
53253 95850
53280 78140
53310 96109
53595 53597
53874 55706
54191 61251
54585 63331
55194 90510
55564 56353
55621 85752
55846 59039
55990 96539
56125 57642
56160 92516
56372 98299
56423 85172
56516 89254
56616 91457
56662 58160
56682 72648
56715 63798
56959 97098
57038 74858
57073 60876
57102 59998
57153 72212
57398 74510
57791 60323
57966 63210
58182 66892
58383 69385
60031 76419
60049 88948
60100 99499
60163 97618
60315 68897
60357 71581
61885 65294
61952 89184
62184 92584
62554 78872
63137 98813
63612 95313
63959 96588
64265 72140
64456 88761
64642 70456
64719 83404
64776 71136
64806 66869
65746 71284
65820 71653
65992 88485
66072 95915
66354 68275
66417 70537
66725 96632
66906 93302
67618 92674
67629 77752
67900 86966
68228 98693
68255 82730
68649 81687
68794 96812
69391 89583
69471 75930
70016 73970
70347 76071
70688 82697
70835 79389
71050 84466
71682 77979
71743 98244
72270 73826
72282 99717
72916 80916
72962 99999
73103 79137
73112 89494
73775 90533
73820 99140
74366 78274
74661 92212
75551 87804
76276 82289
76598 97443
76788 90034
78231 84654
78610 78845
79523 99819
79549 84565
79709 90774
80218 89892
80573 80853
80945 91939
81124 98726
81342 86816
84117 87416
84187 88476
84283 97989
84362 91708
84587 88159
85357 93406
85545 92956
86925 97036
88694 97725
89258 96056
89899 95809
90564 99223
91684 95359
94779 98868
94868 94910
95022 99885
