0 615
1 876
5 900
6 947
8 225
8 604
8 794
11 418
11 534
12 762
12 777
17 81
17 857
18 25
19 106
22 177
22 488
23 172
23 306
24 226
25 66
29 195
30 110
31 686
33 773
33 989
35 107
37 539
40 517
42 229
42 554
42 923
43 404
43 474
43 676
44 638
45 408
45 531
46 986
47 379
48 258
48 853
49 322
50 146
51 463
52 531
53 300
53 814
53 850
57 202
57 522
57 745
59 478
59 675
60 397
62 122
62 943
63 126
63 961
64 366
65 202
65 722
65 884
66 89
66 450
66 904
69 985
70 139
71 401
72 634
73 812
74 781
75 380
76 368
76 430
77 261
80 473
81 364
81 492
82 123
82 742
89 985
91 261
92 213
92 909
94 316
94 498
95 343
96 147
97 986
99 326
99 401
99 849
101 358
101 859
102 711
103 512
105 217
107 316
107 748
111 395
111 939
113 599
115 147
115 239
115 948
118 472
121 883
124 328
125 825
125 829
126 710
128 153
128 983
129 732
130 712
130 734
131 460
133 373
133 959
134 1000
136 467
141 531
142 357
143 866
145 419
150 609
150 623
153 539
155 832
156 302
156 331
158 433
158 766
159 637
160 424
161 518
161 544
163 862
164 680
165 242
167 317
167 360
167 475
169 548
172 461
172 635
173 632
174 509
174 532
176 341
180 518
180 898
181 301
183 187
184 727
185 406
187 565
187 884
188 575
190 560
192 852
193 645
194 624
195 662
196 487
196 745
198 876
199 938
203 228
204 261
205 632
207 735
208 883
209 476
209 544
210 1000
212 289
212 334
212 393
214 223
216 244
217 703
218 714
220 418
221 701
222 787
225 492
226 267
226 790
227 508
227 684
228 237
228 240
228 728
228 810
229 760
231 666
233 533
233 870
234 423
234 690
235 733
236 492
236 558
236 871
237 532
239 437
239 826
239 857
239 883
243 594
244 449
244 855
247 648
248 313
248 718
250 851
250 991
251 825
253 830
255 467
256 279
256 437
257 305
264 284
264 330
265 516
266 956
267 421
267 804
267 941
272 939
275 542
276 859
278 720
283 917
286 378
287 407
287 898
290 457
291 452
291 996
292 323
294 739
294 804
294 975
296 687
299 509
299 831
300 615
302 933
311 667
311 936
312 662
314 836
314 953
315 332
315 919
315 935
316 487
316 879
318 435
319 807
322 528
323 546
324 653
329 987
331 999
333 762
335 440
335 703
336 481
336 519
336 687
338 357
338 830
339 889
344 591
344 669
344 762
347 619
349 479
352 412
353 623
353 877
355 943
356 956
358 864
359 665
359 924
360 921
361 746
363 399
364 843
365 644
365 964
367 380
367 448
369 864
371 710
371 889
372 670
372 828
373 715
375 523
375 949
379 775
385 845
386 660
388 827
388 869
389 552
390 448
390 1000
391 442
396 940
397 540
398 901
399 910
403 788
404 669
404 871
405 489
406 709
408 644
411 618
411 778
413 981
415 918
417 520
417 866
417 877
420 895
426 978
428 432
428 714
433 777
435 653
438 465
440 573
441 871
441 878
447 465
447 843
448 796
454 995
460 690
461 822
462 593
463 509
464 997
466 865
467 590
467 666
470 479
474 713
475 526
476 794
479 597
481 574
483 888
483 889
489 914
492 964
497 711
500 641
501 953
505 882
508 623
509 934
509 964
510 981
513 946
516 559
516 590
516 615
516 989
519 756
521 801
525 610
528 957
529 666
529 849
530 931
532 594
534 913
537 946
541 854
542 616
542 820
544 580
544 775
545 747
546 651
547 809
548 876
554 918
554 975
555 611
556 779
558 807
560 713
562 568
566 802
568 739
570 977
571 661
576 655
579 824
580 904
581 875
584 737
590 623
591 700
594 807
594 902
595 694
604 963
607 764
607 831
608 694
608 763
619 943
621 753
621 759
623 847
636 665
636 895
641 673
642 714
642 827
644 923
657 665
659 683
662 978
666 764
671 795
678 696
678 710
682 707
687 745
687 984
691 944
694 726
696 717
697 737
697 802
699 949
700 867
709 895
711 729
712 869
715 871
715 946
715 950
715 957
718 983
722 881
724 929
748 811
748 970
748 985
749 833
755 758
755 916
756 992
757 804
764 919
765 848
771 787
781 916
783 870
785 790
787 949
794 924
802 890
804 848
808 934
812 835
815 929
819 872
819 916
819 945
824 872
825 857
829 907
830 895
848 979
856 968
871 972
874 953
885 979
886 1000
890 964
901 931
909 925
911 954
918 920
918 939
920 961
937 960
938 957
941 980
972 974
