245 664517
326 777919
1522 170968
2055 342668
2572 210476
2578 681302
5891 112292
7344 255165
8082 47543
9310 350777
9417 48712
10161 260659
10884 437439
10928 109750
11085 433435
11404 81130
12327 913847
13208 796716
14673 903041
15860 918537
17800 21156
18542 766107
18711 383874
19464 793882
20090 197242
20641 616358
21624 567588
22678 90734
22728 727354
23138 284660
24861 184523
24943 176916
25888 215940
26497 566345
26611 177569
27838 362933
27891 208034
28033 778613
29782 840310
30244 32596
31005 39097
32764 458741
34522 710625
36335 591596
37274 243401
40288 113534
42261 245475
43277 656883
46502 716808
47076 810131
47104 441963
47273 88919
48740 63046
48766 448063
48862 538755
50201 998535
50369 539670
53007 891567
53696 928117
55578 260064
60309 384593
61992 667366
62115 391800
62240 466329
62664 116310
63602 253255
63708 248500
65116 541293
67711 764422
69261 815246
69851 760586
70255 139246
71074 303384
73897 521095
74004 465066
74669 723306
74986 955401
75617 816681
77296 272221
77519 322827
81615 348768
82422 131687
82529 384815
85915 464248
86298 998551
89882 870274
90262 650176
92452 628724
92666 625249
95293 663931
95992 289888
96959 320296
97015 859047
97244 968966
100592 880720
101912 675528
102171 393156
103886 869038
105813 785199
108994 820316
110006 171310
111689 415976
113681 823525
116824 293525
117119 679678
117870 467549
118092 129444
121315 904322
122432 523687
124038 694383
125611 659969
126901 906629
128664 823146
129597 558096
130471 230211
132806 691459
133309 698296
133482 877469
134193 348295
138054 658258
138204 992755
139462 712070
139489 244717
141860 206483
142706 393193
143846 284761
144307 691949
145259 278622
146823 696317
146854 408460
147594 228612
148212 350221
148715 829216
149549 626724
149936 286354
150224 875752
150447 880577
151011 322503
151040 200961
151185 360165
151958 407418
152667 487999
154311 727257
156345 173139
157093 410318
158291 204280
160847 684363
161979 279190
162030 392678
162081 804813
162533 437156
164232 790658
164655 678686
164998 885352
166548 678198
167418 658053
168093 520381
170173 337676
173571 310017
175250 336643
176300 352230
179834 597942
179957 842425
180387 663474
180397 631359
181926 439399
182453 755695
183254 242744
183390 955092
183510 426157
185780 316080
186753 873982
188766 537737
190465 498904
192466 689020
194971 268127
197701 435872
198011 486050
201297 864537
204695 419749
207412 584372
208876 553009
210222 322736
210407 271805
210550 846119
213481 678472
213847 760220
214097 331140
218802 588976
219149 551128
219605 632446
220122 314555
221190 308730
224287 931569
227317 984228
228171 795526
229537 584953
229665 743984
230095 347393
231056 944322
231615 848164
233761 419791
234594 600225
236589 462000
237033 938451
237998 699888
238310 484979
238872 649931
239423 865619
240047 477008
242552 567787
242809 516231
243224 565618
248001 739150
249554 964617
250079 680568
251613 441595
254223 863805
254229 331409
255877 316372
256087 356052
258221 566853
259006 515039
259086 590914
260439 471556
260712 952934
261448 738724
263673 580367
264072 394830
266603 840310
266752 546131
267683 414457
268871 676255
270466 962844
272454 616147
273360 791121
273464 969965
275250 560724
276499 406461
277845 433896
280851 321281
280915 880546
281301 568482
281488 329233
282645 369798
285791 366798
286690 871147
287264 682335
288606 538557
288809 311961
289168 570334
290138 937956
290569 538117
291025 474639
291516 644431
292877 838325
292983 963599
295926 555432
297954 328945
299771 973982
300959 344428
301511 681108
303343 916483
303547 718388
303835 610028
305795 314623
306399 688235
307602 941630
311992 902821
312613 376272
314456 349229
316829 626310
319876 619195
320174 789460
320187 374042
321334 339437
322861 841612
323073 664815
325564 712228
325573 986788
325759 570597
325873 855294
328022 888959
331925 822821
332525 843339
332678 600367
333291 847462
333739 550266
333819 618316
339210 400558
340968 626407
344200 698820
344955 408092
346948 876379
349048 874180
349228 613645
349909 590355
353556 805142
354282 431045
354761 381334
356314 440664
359881 850085
365737 459393
365753 970242
366731 887103
367474 799954
367815 696848
368053 984196
368728 449806
369438 968262
373173 800308
373230 732041
374549 860253
376563 996072
377049 513356
377306 715395
378684 709362
379104 530404
381577 777371
383384 707547
387411 795818
388155 851343
389168 883860
389558 812512
392908 879983
394147 607822
394704 783938
395532 467433
396414 399791
397188 497408
397448 814236
397609 677356
397951 761242
399480 654911
400131 841145
403515 649796
405161 920133
405609 639580
407155 615869
409385 982988
410136 953910
412425 945239
414941 451035
415469 944499
415501 800776
416138 681082
419717 979829
420046 682643
420102 627058
421381 854350
424334 908233
426961 501500
427519 902414
427824 759528
430304 561997
438393 883572
438696 839725
438969 838591
440034 715046
440112 521295
440587 751806
442873 884846
443581 801219
447160 865141
450132 911503
451003 683503
454136 812327
456185 781584
457587 612296
460141 723639
462692 886524
465932 794843
467920 782154
469702 489401
471696 966947
472975 617271
473606 809676
475134 507271
476425 651555
479788 884215
484339 865963
485772 661908
485796 789060
488247 793057
490496 669882
490680 922918
491221 493159
492323 994073
492848 957915
495085 935392
495577 520369
497007 846932
497138 811555
497861 707959
509356 892651
512144 975805
517822 774902
517920 904607
520042 933330
520669 651600
521705 957546
527718 708240
530253 793338
532417 712916
533091 617705
533888 714067
535878 575707
542380 863514
546610 944421
550937 886986
553784 978709
555211 560516
557574 561116
559246 862779
559993 948819
567498 753088
568244 789620
568710 945402
570129 958116
570897 791270
572772 807887
573287 697502
576317 589275
579594 774305
579814 948847
585867 807949
589351 826693
590137 889163
590152 645889
593410 720632
595678 727348
598536 700192
602938 652752
604921 977392
610838 981701
611011 857736
613472 839081
614827 672124
616975 681242
623360 763999
626431 900632
628359 825712
633083 807366
643213 702303
647127 655175
652919 797721
656835 702513
658995 946681
662799 767398
665030 936227
673441 915581
674896 709092
679295 719423
683808 824985
686772 855095
687053 927424
694469 952609
694541 927546
698098 916794
698779 724295
698948 920956
700118 997040
702522 756903
707121 917862
711087 816806
711548 883663
719314 947972
719409 900212
719846 847089
727778 942738
728807 928151
731287 756965
735734 814091
736002 961632
737775 776365
741547 870321
743913 852999
751222 809116
753875 954003
767193 937409
772367 823701
775930 807012
776516 808556
777251 891202
777674 835423
783467 898741
799387 909926
802736 936011
802931 824370
817117 865273
819151 887095
819265 999970
822378 886432
824897 901924
833646 997022
852947 896193
864358 906259
868666 970783
903248 951356
905266 963706
909190 919190
918669 922943
942476 952492
956092 976626
974752 984117
