#
# Plot data for local clustering coefficient
#
# rank:	local clustering coeffiecient:
   1       2.673e-01
   2       2.174e-01
   3       2.101e-01
   4       1.948e-01
   5       1.852e-01
   6       1.773e-01
   7       1.700e-01
   8       1.688e-01
   9       1.688e-01
  10       1.681e-01
  11       1.667e-01
  12       1.667e-01
  13       1.645e-01
  14       1.645e-01
  15       1.630e-01
  16       1.626e-01
  17       1.626e-01
  18       1.614e-01
  19       1.594e-01
  20       1.594e-01
  21       1.585e-01
  22       1.581e-01
  23       1.561e-01
  24       1.558e-01
  25       1.558e-01
  26       1.558e-01
  27       1.534e-01
  28       1.533e-01
  29       1.527e-01
  30       1.522e-01
  31       1.522e-01
  32       1.515e-01
  33       1.515e-01
  34       1.508e-01
  35       1.492e-01
  36       1.486e-01
  37       1.472e-01
  38       1.462e-01
  39       1.462e-01
  40       1.457e-01
  41       1.453e-01
  42       1.449e-01
  43       1.449e-01
  44       1.446e-01
  45       1.429e-01
  46       1.429e-01
  47       1.423e-01
  48       1.423e-01
  49       1.423e-01
  50       1.423e-01
  51       1.402e-01
  52       1.400e-01
  53       1.397e-01
  54       1.396e-01
  55       1.385e-01
  56       1.385e-01
  57       1.385e-01
  58       1.385e-01
  59       1.383e-01
  60       1.381e-01
  61       1.379e-01
  62       1.378e-01
  63       1.377e-01
  64       1.376e-01
  65       1.367e-01
  66       1.357e-01
  67       1.354e-01
  68       1.351e-01
  69       1.349e-01
  70       1.346e-01
  71       1.345e-01
  72       1.344e-01
  73       1.344e-01
  74       1.342e-01
  75       1.342e-01
  76       1.341e-01
  77       1.333e-01
  78       1.329e-01
  79       1.323e-01
  80       1.311e-01
  81       1.311e-01
  82       1.309e-01
  83       1.304e-01
  84       1.300e-01
  85       1.299e-01
  86       1.299e-01
  87       1.294e-01
  88       1.292e-01
  89       1.282e-01
  90       1.276e-01
  91       1.270e-01
  92       1.268e-01
  93       1.267e-01
  94       1.265e-01
  95       1.265e-01
  96       1.262e-01
  97       1.261e-01
  98       1.255e-01
  99       1.254e-01
 100       1.250e-01
 101       1.247e-01
 102       1.244e-01
 103       1.241e-01
 104       1.238e-01
 105       1.233e-01
 106       1.233e-01
 107       1.232e-01
 108       1.232e-01
 109       1.232e-01
 110       1.226e-01
 111       1.226e-01
 112       1.225e-01
 113       1.225e-01
 114       1.225e-01
 115       1.223e-01
 116       1.222e-01
 117       1.212e-01
 118       1.212e-01
 119       1.212e-01
 120       1.212e-01
 121       1.207e-01
 122       1.206e-01
 123       1.202e-01
 124       1.201e-01
 125       1.201e-01
 126       1.200e-01
 127       1.200e-01
 128       1.197e-01
 129       1.195e-01
 130       1.195e-01
 131       1.194e-01
 132       1.194e-01
 133       1.193e-01
 134       1.191e-01
 135       1.190e-01
 136       1.188e-01
 137       1.188e-01
 138       1.186e-01
 139       1.183e-01
 140       1.179e-01
 141       1.176e-01
 142       1.175e-01
 143       1.170e-01
 144       1.169e-01
 145       1.169e-01
 146       1.168e-01
 147       1.167e-01
 148       1.167e-01
 149       1.161e-01
 150       1.161e-01
 151       1.160e-01
 152       1.160e-01
 153       1.159e-01
 154       1.159e-01
 155       1.155e-01
 156       1.150e-01
 157       1.149e-01
 158       1.146e-01
 159       1.146e-01
 160       1.143e-01
 161       1.141e-01
 162       1.140e-01
 163       1.140e-01
 164       1.139e-01
 165       1.138e-01
 166       1.138e-01
 167       1.136e-01
 168       1.133e-01
 169       1.131e-01
 170       1.126e-01
 171       1.126e-01
 172       1.126e-01
 173       1.126e-01
 174       1.126e-01
 175       1.126e-01
 176       1.123e-01
 177       1.123e-01
 178       1.123e-01
 179       1.123e-01
 180       1.118e-01
 181       1.115e-01
 182       1.111e-01
 183       1.111e-01
 184       1.109e-01
 185       1.108e-01
 186       1.108e-01
 187       1.108e-01
 188       1.108e-01
 189       1.107e-01
 190       1.107e-01
 191       1.107e-01
 192       1.105e-01
 193       1.103e-01
 194       1.103e-01
 195       1.103e-01
 196       1.102e-01
 197       1.100e-01
 198       1.100e-01
 199       1.100e-01
 200       1.097e-01
 201       1.096e-01
 202       1.090e-01
 203       1.089e-01
 204       1.089e-01
 205       1.087e-01
 206       1.087e-01
 207       1.087e-01
 208       1.087e-01
 209       1.085e-01
 210       1.085e-01
 211       1.085e-01
 212       1.082e-01
 213       1.082e-01
 214       1.082e-01
 215       1.080e-01
 216       1.078e-01
 217       1.077e-01
 218       1.077e-01
 219       1.077e-01
 220       1.075e-01
 221       1.070e-01
 222       1.070e-01
 223       1.068e-01
 224       1.067e-01
 225       1.067e-01
 226       1.067e-01
 227       1.067e-01
 228       1.067e-01
 229       1.067e-01
 230       1.067e-01
 231       1.067e-01
 232       1.067e-01
 233       1.067e-01
 234       1.066e-01
 235       1.063e-01
 236       1.058e-01
 237       1.058e-01
 238       1.057e-01
 239       1.054e-01
 240       1.053e-01
 241       1.053e-01
 242       1.051e-01
 243       1.051e-01
 244       1.051e-01
 245       1.051e-01
 246       1.051e-01
 247       1.047e-01
 248       1.046e-01
 249       1.046e-01
 250       1.046e-01
 251       1.046e-01
 252       1.046e-01
 253       1.043e-01
 254       1.042e-01
 255       1.042e-01
 256       1.039e-01
 257       1.039e-01
 258       1.039e-01
 259       1.039e-01
 260       1.038e-01
 261       1.037e-01
 262       1.036e-01
 263       1.034e-01
 264       1.034e-01
 265       1.034e-01
 266       1.034e-01
 267       1.034e-01
 268       1.033e-01
 269       1.033e-01
 270       1.033e-01
 271       1.033e-01
 272       1.032e-01
 273       1.032e-01
 274       1.032e-01
 275       1.028e-01
 276       1.028e-01
 277       1.028e-01
 278       1.028e-01
 279       1.028e-01
 280       1.028e-01
 281       1.026e-01
 282       1.026e-01
 283       1.026e-01
 284       1.025e-01
 285       1.023e-01
 286       1.021e-01
 287       1.020e-01
 288       1.020e-01
 289       1.018e-01
 290       1.016e-01
 291       1.016e-01
 292       1.015e-01
 293       1.015e-01
 294       1.014e-01
 295       1.014e-01
 296       1.014e-01
 297       1.014e-01
 298       1.012e-01
 299       1.011e-01
 300       1.011e-01
 301       1.011e-01
 302       1.011e-01
 303       1.011e-01
 304       1.010e-01
 305       1.009e-01
 306       1.008e-01
 307       1.008e-01
 308       1.007e-01
 309       1.006e-01
 310       1.005e-01
 311       1.005e-01
 312       1.004e-01
 313       1.004e-01
 314       1.000e-01
 315       1.000e-01
 316       1.000e-01
 317       1.000e-01
 318       1.000e-01
 319       9.991e-02
 320       9.982e-02
 321       9.982e-02
 322       9.964e-02
 323       9.957e-02
 324       9.957e-02
 325       9.957e-02
 326       9.957e-02
 327       9.957e-02
 328       9.957e-02
 329       9.957e-02
 330       9.957e-02
 331       9.952e-02
 332       9.916e-02
 333       9.916e-02
 334       9.892e-02
 335       9.892e-02
 336       9.881e-02
 337       9.881e-02
 338       9.881e-02
 339       9.881e-02
 340       9.881e-02
 341       9.881e-02
 342       9.881e-02
 343       9.879e-02
 344       9.879e-02
 345       9.861e-02
 346       9.856e-02
 347       9.855e-02
 348       9.852e-02
 349       9.852e-02
 350       9.848e-02
 351       9.848e-02
 352       9.846e-02
 353       9.798e-02
 354       9.788e-02
 355       9.788e-02
 356       9.783e-02
 357       9.783e-02
 358       9.783e-02
 359       9.781e-02
 360       9.780e-02
 361       9.772e-02
 362       9.756e-02
 363       9.745e-02
 364       9.740e-02
 365       9.740e-02
 366       9.717e-02
 367       9.713e-02
 368       9.687e-02
 369       9.683e-02
 370       9.677e-02
 371       9.677e-02
 372       9.677e-02
 373       9.673e-02
 374       9.673e-02
 375       9.667e-02
 376       9.659e-02
 377       9.659e-02
 378       9.655e-02
 379       9.655e-02
 380       9.655e-02
 381       9.655e-02
 382       9.626e-02
 383       9.623e-02
 384       9.615e-02
 385       9.608e-02
 386       9.606e-02
 387       9.587e-02
 388       9.582e-02
 389       9.546e-02
 390       9.538e-02
 391       9.538e-02
 392       9.538e-02
 393       9.538e-02
 394       9.524e-02
 395       9.524e-02
 396       9.524e-02
 397       9.524e-02
 398       9.524e-02
 399       9.524e-02
 400       9.524e-02
 401       9.524e-02
 402       9.514e-02
 403       9.495e-02
 404       9.486e-02
 405       9.486e-02
 406       9.486e-02
 407       9.486e-02
 408       9.486e-02
 409       9.476e-02
 410       9.476e-02
 411       9.476e-02
 412       9.462e-02
 413       9.447e-02
 414       9.447e-02
 415       9.447e-02
 416       9.445e-02
 417       9.435e-02
 418       9.425e-02
 419       9.425e-02
 420       9.420e-02
 421       9.420e-02
 422       9.420e-02
 423       9.420e-02
 424       9.420e-02
 425       9.412e-02
 426       9.412e-02
 427       9.402e-02
 428       9.402e-02
 429       9.402e-02
 430       9.397e-02
 431       9.397e-02
 432       9.388e-02
 433       9.379e-02
 434       9.372e-02
 435       9.365e-02
 436       9.364e-02
 437       9.361e-02
 438       9.358e-02
 439       9.337e-02
 440       9.333e-02
 441       9.333e-02
 442       9.309e-02
 443       9.302e-02
 444       9.289e-02
 445       9.289e-02
 446       9.286e-02
 447       9.280e-02
 448       9.274e-02
 449       9.259e-02
 450       9.259e-02
 451       9.259e-02
 452       9.259e-02
 453       9.247e-02
 454       9.247e-02
 455       9.247e-02
 456       9.247e-02
 457       9.231e-02
 458       9.231e-02
 459       9.231e-02
 460       9.231e-02
 461       9.231e-02
 462       9.224e-02
 463       9.220e-02
 464       9.219e-02
 465       9.199e-02
 466       9.195e-02
 467       9.181e-02
 468       9.177e-02
 469       9.159e-02
 470       9.134e-02
 471       9.125e-02
 472       9.117e-02
 473       9.108e-02
 474       9.091e-02
 475       9.091e-02
 476       9.091e-02
 477       9.091e-02
 478       9.091e-02
 479       9.091e-02
 480       9.091e-02
 481       9.091e-02
 482       9.091e-02
 483       9.091e-02
 484       9.091e-02
 485       9.091e-02
 486       9.091e-02
 487       9.091e-02
 488       9.091e-02
 489       9.091e-02
 490       9.091e-02
 491       9.091e-02
 492       9.091e-02
 493       9.081e-02
 494       9.076e-02
 495       9.073e-02
 496       9.073e-02
 497       9.073e-02
 498       9.058e-02
 499       9.058e-02
 500       9.058e-02
 501       9.058e-02
 502       9.058e-02
 503       9.058e-02
 504       9.051e-02
 505       9.050e-02
 506       9.048e-02
 507       9.048e-02
 508       9.048e-02
 509       9.042e-02
 510       9.042e-02
 511       9.032e-02
 512       9.009e-02
 513       9.000e-02
 514       8.995e-02
 515       8.995e-02
 516       8.995e-02
 517       8.995e-02
 518       8.995e-02
 519       8.979e-02
 520       8.973e-02
 521       8.927e-02
 522       8.923e-02
 523       8.923e-02
 524       8.918e-02
 525       8.913e-02
 526       8.911e-02
 527       8.907e-02
 528       8.902e-02
 529       8.889e-02
 530       8.889e-02
 531       8.881e-02
 532       8.867e-02
 533       8.867e-02
 534       8.862e-02
 535       8.859e-02
 536       8.853e-02
 537       8.852e-02
 538       8.846e-02
 539       8.846e-02
 540       8.832e-02
 541       8.832e-02
 542       8.825e-02
 543       8.825e-02
 544       8.817e-02
 545       8.806e-02
 546       8.800e-02
 547       8.798e-02
 548       8.794e-02
 549       8.788e-02
 550       8.781e-02
 551       8.780e-02
 552       8.780e-02
 553       8.774e-02
 554       8.772e-02
 555       8.760e-02
 556       8.759e-02
 557       8.743e-02
 558       8.739e-02
 559       8.736e-02
 560       8.736e-02
 561       8.730e-02
 562       8.730e-02
 563       8.718e-02
 564       8.712e-02
 565       8.709e-02
 566       8.706e-02
 567       8.704e-02
 568       8.696e-02
 569       8.696e-02
 570       8.696e-02
 571       8.696e-02
 572       8.696e-02
 573       8.696e-02
 574       8.677e-02
 575       8.677e-02
 576       8.676e-02
 577       8.673e-02
 578       8.669e-02
 579       8.669e-02
 580       8.668e-02
 581       8.667e-02
 582       8.667e-02
 583       8.667e-02
 584       8.667e-02
 585       8.667e-02
 586       8.667e-02
 587       8.659e-02
 588       8.658e-02
 589       8.658e-02
 590       8.645e-02
 591       8.637e-02
 592       8.634e-02
 593       8.621e-02
 594       8.615e-02
 595       8.615e-02
 596       8.615e-02
 597       8.615e-02
 598       8.612e-02
 599       8.602e-02
 600       8.599e-02
 601       8.599e-02
 602       8.597e-02
 603       8.595e-02
 604       8.593e-02
 605       8.593e-02
 606       8.588e-02
 607       8.586e-02
 608       8.571e-02
 609       8.571e-02
 610       8.571e-02
 611       8.571e-02
 612       8.556e-02
 613       8.550e-02
 614       8.547e-02
 615       8.547e-02
 616       8.547e-02
 617       8.542e-02
 618       8.541e-02
 619       8.535e-02
 620       8.526e-02
 621       8.523e-02
 622       8.523e-02
 623       8.523e-02
 624       8.514e-02
 625       8.506e-02
 626       8.499e-02
 627       8.477e-02
 628       8.466e-02
 629       8.466e-02
 630       8.466e-02
 631       8.466e-02
 632       8.446e-02
 633       8.435e-02
 634       8.418e-02
 635       8.418e-02
 636       8.416e-02
 637       8.409e-02
 638       8.393e-02
 639       8.392e-02
 640       8.392e-02
 641       8.377e-02
 642       8.374e-02
 643       8.367e-02
 644       8.362e-02
 645       8.354e-02
 646       8.351e-02
 647       8.349e-02
 648       8.348e-02
 649       8.333e-02
 650       8.333e-02
 651       8.333e-02
 652       8.333e-02
 653       8.333e-02
 654       8.333e-02
 655       8.333e-02
 656       8.333e-02
 657       8.333e-02
 658       8.333e-02
 659       8.330e-02
 660       8.322e-02
 661       8.308e-02
 662       8.308e-02
 663       8.308e-02
 664       8.308e-02
 665       8.305e-02
 666       8.300e-02
 667       8.300e-02
 668       8.300e-02
 669       8.300e-02
 670       8.300e-02
 671       8.300e-02
 672       8.300e-02
 673       8.300e-02
 674       8.300e-02
 675       8.300e-02
 676       8.293e-02
 677       8.283e-02
 678       8.283e-02
 679       8.281e-02
 680       8.276e-02
 681       8.276e-02
 682       8.273e-02
 683       8.271e-02
 684       8.267e-02
 685       8.266e-02
 686       8.266e-02
 687       8.266e-02
 688       8.262e-02
 689       8.262e-02
 690       8.262e-02
 691       8.258e-02
 692       8.252e-02
 693       8.248e-02
 694       8.246e-02
 695       8.235e-02
 696       8.234e-02
 697       8.232e-02
 698       8.232e-02
 699       8.225e-02
 700       8.225e-02
 701       8.225e-02
 702       8.225e-02
 703       8.225e-02
 704       8.225e-02
 705       8.225e-02
 706       8.225e-02
 707       8.222e-02
 708       8.213e-02
 709       8.201e-02
 710       8.201e-02
 711       8.200e-02
 712       8.200e-02
 713       8.171e-02
 714       8.157e-02
 715       8.156e-02
 716       8.146e-02
 717       8.145e-02
 718       8.144e-02
 719       8.141e-02
 720       8.132e-02
 721       8.122e-02
 722       8.112e-02
 723       8.102e-02
 724       8.098e-02
 725       8.084e-02
 726       8.082e-02
 727       8.081e-02
 728       8.077e-02
 729       8.075e-02
 730       8.072e-02
 731       8.067e-02
 732       8.065e-02
 733       8.065e-02
 734       8.065e-02
 735       8.065e-02
 736       8.065e-02
 737       8.048e-02
 738       8.046e-02
 739       8.046e-02
 740       8.033e-02
 741       8.021e-02
 742       8.021e-02
 743       8.021e-02
 744       8.021e-02
 745       8.020e-02
 746       8.019e-02
 747       8.014e-02
 748       8.013e-02
 749       8.007e-02
 750       8.000e-02
 751       8.000e-02
 752       8.000e-02
 753       8.000e-02
 754       8.000e-02
 755       8.000e-02
 756       7.994e-02
 757       7.983e-02
 758       7.973e-02
 759       7.971e-02
 760       7.971e-02
 761       7.971e-02
 762       7.966e-02
 763       7.962e-02
 764       7.958e-02
 765       7.957e-02
 766       7.955e-02
 767       7.955e-02
 768       7.937e-02
 769       7.937e-02
 770       7.928e-02
 771       7.923e-02
 772       7.922e-02
 773       7.905e-02
 774       7.905e-02
 775       7.905e-02
 776       7.905e-02
 777       7.899e-02
 778       7.890e-02
 779       7.886e-02
 780       7.885e-02
 781       7.882e-02
 782       7.882e-02
 783       7.880e-02
 784       7.868e-02
 785       7.863e-02
 786       7.863e-02
 787       7.863e-02
 788       7.843e-02
 789       7.843e-02
 790       7.832e-02
 791       7.827e-02
 792       7.826e-02
 793       7.824e-02
 794       7.816e-02
 795       7.813e-02
 796       7.792e-02
 797       7.792e-02
 798       7.792e-02
 799       7.792e-02
 800       7.792e-02
 801       7.765e-02
 802       7.765e-02
 803       7.763e-02
 804       7.751e-02
 805       7.743e-02
 806       7.742e-02
 807       7.742e-02
 808       7.731e-02
 809       7.729e-02
 810       7.713e-02
 811       7.713e-02
 812       7.692e-02
 813       7.692e-02
 814       7.692e-02
 815       7.692e-02
 816       7.692e-02
 817       7.689e-02
 818       7.686e-02
 819       7.683e-02
 820       7.672e-02
 821       7.672e-02
 822       7.672e-02
 823       7.672e-02
 824       7.672e-02
 825       7.670e-02
 826       7.667e-02
 827       7.667e-02
 828       7.667e-02
 829       7.667e-02
 830       7.667e-02
 831       7.666e-02
 832       7.665e-02
 833       7.665e-02
 834       7.661e-02
 835       7.661e-02
 836       7.661e-02
 837       7.658e-02
 838       7.658e-02
 839       7.654e-02
 840       7.653e-02
 841       7.638e-02
 842       7.638e-02
 843       7.635e-02
 844       7.635e-02
 845       7.635e-02
 846       7.617e-02
 847       7.617e-02
 848       7.609e-02
 849       7.609e-02
 850       7.609e-02
 851       7.609e-02
 852       7.597e-02
 853       7.595e-02
 854       7.592e-02
 855       7.592e-02
 856       7.586e-02
 857       7.586e-02
 858       7.581e-02
 859       7.580e-02
 860       7.576e-02
 861       7.563e-02
 862       7.563e-02
 863       7.561e-02
 864       7.561e-02
 865       7.549e-02
 866       7.542e-02
 867       7.530e-02
 868       7.527e-02
 869       7.527e-02
 870       7.527e-02
 871       7.510e-02
 872       7.510e-02
 873       7.510e-02
 874       7.510e-02
 875       7.510e-02
 876       7.510e-02
 877       7.510e-02
 878       7.508e-02
 879       7.500e-02
 880       7.499e-02
 881       7.491e-02
 882       7.487e-02
 883       7.481e-02
 884       7.475e-02
 885       7.475e-02
 886       7.460e-02
 887       7.460e-02
 888       7.460e-02
 889       7.447e-02
 890       7.441e-02
 891       7.439e-02
 892       7.431e-02
 893       7.420e-02
 894       7.412e-02
 895       7.407e-02
 896       7.407e-02
 897       7.407e-02
 898       7.407e-02
 899       7.407e-02
 900       7.407e-02
 901       7.407e-02
 902       7.407e-02
 903       7.407e-02
 904       7.406e-02
 905       7.397e-02
 906       7.395e-02
 907       7.389e-02
 908       7.389e-02
 909       7.386e-02
 910       7.386e-02
 911       7.385e-02
 912       7.385e-02
 913       7.385e-02
 914       7.385e-02
 915       7.371e-02
 916       7.371e-02
 917       7.368e-02
 918       7.360e-02
 919       7.359e-02
 920       7.359e-02
 921       7.359e-02
 922       7.359e-02
 923       7.359e-02
 924       7.359e-02
 925       7.359e-02
 926       7.358e-02
 927       7.357e-02
 928       7.357e-02
 929       7.356e-02
 930       7.347e-02
 931       7.333e-02
 932       7.333e-02
 933       7.331e-02
 934       7.312e-02
 935       7.309e-02
 936       7.308e-02
 937       7.308e-02
 938       7.306e-02
 939       7.306e-02
 940       7.302e-02
 941       7.294e-02
 942       7.286e-02
 943       7.277e-02
 944       7.273e-02
 945       7.259e-02
 946       7.258e-02
 947       7.258e-02
 948       7.255e-02
 949       7.253e-02
 950       7.246e-02
 951       7.246e-02
 952       7.246e-02
 953       7.246e-02
 954       7.246e-02
 955       7.212e-02
 956       7.201e-02
 957       7.201e-02
 958       7.200e-02
 959       7.191e-02
 960       7.191e-02
 961       7.191e-02
 962       7.184e-02
 963       7.179e-02
 964       7.179e-02
 965       7.143e-02
 966       7.130e-02
 967       7.130e-02
 968       7.123e-02
 969       7.123e-02
 970       7.123e-02
 971       7.123e-02
 972       7.123e-02
 973       7.122e-02
 974       7.120e-02
 975       7.115e-02
 976       7.115e-02
 977       7.115e-02
 978       7.115e-02
 979       7.112e-02
 980       7.112e-02
 981       7.102e-02
 982       7.102e-02
 983       7.097e-02
 984       7.097e-02
 985       7.097e-02
 986       7.097e-02
 987       7.077e-02
 988       7.077e-02
 989       7.076e-02
 990       7.071e-02
 991       7.059e-02
 992       7.059e-02
 993       7.058e-02
 994       7.056e-02
 995       7.049e-02
 996       7.031e-02
 997       7.018e-02
 998       7.018e-02
 999       7.018e-02
1000       7.014e-02
1001       7.013e-02
1002       7.008e-02
1003       7.008e-02
1004       7.008e-02
1005       7.000e-02
1006       7.000e-02
1007       6.995e-02
1008       6.989e-02
1009       6.984e-02
1010       6.969e-02
1011       6.969e-02
1012       6.967e-02
1013       6.952e-02
1014       6.951e-02
1015       6.949e-02
1016       6.926e-02
1017       6.926e-02
1018       6.926e-02
1019       6.926e-02
1020       6.926e-02
1021       6.926e-02
1022       6.926e-02
1023       6.926e-02
1024       6.915e-02
1025       6.915e-02
1026       6.904e-02
1027       6.897e-02
1028       6.897e-02
1029       6.897e-02
1030       6.891e-02
1031       6.888e-02
1032       6.884e-02
1033       6.884e-02
1034       6.884e-02
1035       6.884e-02
1036       6.884e-02
1037       6.884e-02
1038       6.884e-02
1039       6.882e-02
1040       6.871e-02
1041       6.871e-02
1042       6.869e-02
1043       6.866e-02
1044       6.857e-02
1045       6.855e-02
1046       6.853e-02
1047       6.853e-02
1048       6.852e-02
1049       6.831e-02
1050       6.828e-02
1051       6.825e-02
1052       6.818e-02
1053       6.818e-02
1054       6.801e-02
1055       6.795e-02
1056       6.779e-02
1057       6.774e-02
1058       6.769e-02
1059       6.769e-02
1060       6.768e-02
1061       6.767e-02
1062       6.755e-02
1063       6.754e-02
1064       6.739e-02
1065       6.736e-02
1066       6.735e-02
1067       6.734e-02
1068       6.719e-02
1069       6.719e-02
1070       6.719e-02
1071       6.719e-02
1072       6.719e-02
1073       6.719e-02
1074       6.719e-02
1075       6.719e-02
1076       6.715e-02
1077       6.713e-02
1078       6.711e-02
1079       6.707e-02
1080       6.675e-02
1081       6.667e-02
1082       6.667e-02
1083       6.667e-02
1084       6.667e-02
1085       6.667e-02
1086       6.667e-02
1087       6.667e-02
1088       6.667e-02
1089       6.667e-02
1090       6.667e-02
1091       6.660e-02
1092       6.656e-02
1093       6.653e-02
1094       6.651e-02
1095       6.647e-02
1096       6.645e-02
1097       6.642e-02
1098       6.639e-02
1099       6.629e-02
1100       6.613e-02
1101       6.612e-02
1102       6.604e-02
1103       6.597e-02
1104       6.595e-02
1105       6.595e-02
1106       6.585e-02
1107       6.585e-02
1108       6.560e-02
1109       6.556e-02
1110       6.553e-02
1111       6.553e-02
1112       6.553e-02
1113       6.553e-02
1114       6.553e-02
1115       6.553e-02
1116       6.543e-02
1117       6.543e-02
1118       6.538e-02
1119       6.522e-02
1120       6.522e-02
1121       6.517e-02
1122       6.508e-02
1123       6.498e-02
1124       6.494e-02
1125       6.494e-02
1126       6.494e-02
1127       6.494e-02
1128       6.494e-02
1129       6.494e-02
1130       6.465e-02
1131       6.465e-02
1132       6.463e-02
1133       6.462e-02
1134       6.452e-02
1135       6.452e-02
1136       6.452e-02
1137       6.442e-02
1138       6.439e-02
1139       6.417e-02
1140       6.410e-02
1141       6.404e-02
1142       6.404e-02
1143       6.404e-02
1144       6.400e-02
1145       6.393e-02
1146       6.388e-02
1147       6.387e-02
1148       6.386e-02
1149       6.367e-02
1150       6.367e-02
1151       6.367e-02
1152       6.364e-02
1153       6.358e-02
1154       6.353e-02
1155       6.349e-02
1156       6.349e-02
1157       6.349e-02
1158       6.349e-02
1159       6.346e-02
1160       6.341e-02
1161       6.333e-02
1162       6.333e-02
1163       6.333e-02
1164       6.333e-02
1165       6.333e-02
1166       6.333e-02
1167       6.333e-02
1168       6.333e-02
1169       6.333e-02
1170       6.324e-02
1171       6.324e-02
1172       6.324e-02
1173       6.324e-02
1174       6.324e-02
1175       6.324e-02
1176       6.324e-02
1177       6.324e-02
1178       6.323e-02
1179       6.312e-02
1180       6.306e-02
1181       6.293e-02
1182       6.293e-02
1183       6.280e-02
1184       6.275e-02
1185       6.270e-02
1186       6.268e-02
1187       6.268e-02
1188       6.268e-02
1189       6.268e-02
1190       6.259e-02
1191       6.259e-02
1192       6.239e-02
1193       6.239e-02
1194       6.237e-02
1195       6.237e-02
1196       6.237e-02
1197       6.233e-02
1198       6.231e-02
1199       6.231e-02
1200       6.228e-02
1201       6.222e-02
1202       6.217e-02
1203       6.208e-02
1204       6.207e-02
1205       6.198e-02
1206       6.190e-02
1207       6.190e-02
1208       6.190e-02
1209       6.190e-02
1210       6.190e-02
1211       6.175e-02
1212       6.159e-02
1213       6.159e-02
1214       6.158e-02
1215       6.158e-02
1216       6.158e-02
1217       6.158e-02
1218       6.154e-02
1219       6.154e-02
1220       6.154e-02
1221       6.149e-02
1222       6.144e-02
1223       6.129e-02
1224       6.128e-02
1225       6.117e-02
1226       6.117e-02
1227       6.113e-02
1228       6.108e-02
1229       6.096e-02
1230       6.096e-02
1231       6.091e-02
1232       6.061e-02
1233       6.061e-02
1234       6.061e-02
1235       6.061e-02
1236       6.061e-02
1237       6.061e-02
1238       6.061e-02
1239       6.050e-02
1240       6.032e-02
1241       6.032e-02
1242       6.029e-02
1243       6.028e-02
1244       6.022e-02
1245       6.000e-02
1246       6.000e-02
1247       6.000e-02
1248       6.000e-02
1249       5.990e-02
1250       5.990e-02
1251       5.983e-02
1252       5.983e-02
1253       5.983e-02
1254       5.983e-02
1255       5.980e-02
1256       5.977e-02
1257       5.977e-02
1258       5.977e-02
1259       5.976e-02
1260       5.964e-02
1261       5.958e-02
1262       5.932e-02
1263       5.929e-02
1264       5.929e-02
1265       5.929e-02
1266       5.929e-02
1267       5.929e-02
1268       5.923e-02
1269       5.911e-02
1270       5.910e-02
1271       5.902e-02
1272       5.902e-02
1273       5.897e-02
1274       5.882e-02
1275       5.882e-02
1276       5.882e-02
1277       5.873e-02
1278       5.873e-02
1279       5.871e-02
1280       5.871e-02
1281       5.871e-02
1282       5.869e-02
1283       5.847e-02
1284       5.846e-02
1285       5.832e-02
1286       5.820e-02
1287       5.820e-02
1288       5.820e-02
1289       5.820e-02
1290       5.806e-02
1291       5.806e-02
1292       5.804e-02
1293       5.803e-02
1294       5.797e-02
1295       5.797e-02
1296       5.797e-02
1297       5.792e-02
1298       5.779e-02
1299       5.735e-02
1300       5.733e-02
1301       5.730e-02
1302       5.714e-02
1303       5.714e-02
1304       5.712e-02
1305       5.709e-02
1306       5.706e-02
1307       5.704e-02
1308       5.704e-02
1309       5.698e-02
1310       5.698e-02
1311       5.698e-02
1312       5.698e-02
1313       5.682e-02
1314       5.668e-02
1315       5.667e-02
1316       5.667e-02
1317       5.667e-02
1318       5.665e-02
1319       5.665e-02
1320       5.648e-02
1321       5.647e-02
1322       5.641e-02
1323       5.641e-02
1324       5.628e-02
1325       5.628e-02
1326       5.628e-02
1327       5.628e-02
1328       5.610e-02
1329       5.610e-02
1330       5.556e-02
1331       5.556e-02
1332       5.548e-02
1333       5.546e-02
1334       5.538e-02
1335       5.538e-02
1336       5.538e-02
1337       5.538e-02
1338       5.534e-02
1339       5.534e-02
1340       5.517e-02
1341       5.517e-02
1342       5.513e-02
1343       5.494e-02
1344       5.464e-02
1345       5.443e-02
1346       5.435e-02
1347       5.435e-02
1348       5.430e-02
1349       5.427e-02
1350       5.426e-02
1351       5.419e-02
1352       5.419e-02
1353       5.413e-02
1354       5.413e-02
1355       5.405e-02
1356       5.394e-02
1357       5.388e-02
1358       5.376e-02
1359       5.376e-02
1360       5.366e-02
1361       5.343e-02
1362       5.333e-02
1363       5.333e-02
1364       5.325e-02
1365       5.315e-02
1366       5.291e-02
1367       5.244e-02
1368       5.242e-02
1369       5.242e-02
1370       5.242e-02
1371       5.242e-02
1372       5.238e-02
1373       5.231e-02
1374       5.210e-02
1375       5.207e-02
1376       5.205e-02
1377       5.195e-02
1378       5.195e-02
1379       5.195e-02
1380       5.195e-02
1381       5.195e-02
1382       5.172e-02
1383       5.172e-02
1384       5.138e-02
1385       5.138e-02
1386       5.138e-02
1387       5.138e-02
1388       5.138e-02
1389       5.138e-02
1390       5.138e-02
1391       5.138e-02
1392       5.128e-02
1393       5.128e-02
1394       5.128e-02
1395       5.128e-02
1396       5.128e-02
1397       5.105e-02
1398       5.096e-02
1399       5.072e-02
1400       5.072e-02
1401       5.072e-02
1402       5.072e-02
1403       5.042e-02
1404       5.040e-02
1405       5.040e-02
1406       5.040e-02
1407       5.000e-02
1408       5.000e-02
1409       5.000e-02
1410       4.993e-02
1411       4.983e-02
1412       4.979e-02
1413       4.946e-02
1414       4.935e-02
1415       4.935e-02
1416       4.926e-02
1417       4.926e-02
1418       4.926e-02
1419       4.926e-02
1420       4.923e-02
1421       4.923e-02
1422       4.910e-02
1423       4.858e-02
1424       4.856e-02
1425       4.843e-02
1426       4.839e-02
1427       4.839e-02
1428       4.828e-02
1429       4.813e-02
1430       4.805e-02
1431       4.805e-02
1432       4.796e-02
1433       4.794e-02
1434       4.762e-02
1435       4.762e-02
1436       4.762e-02
1437       4.762e-02
1438       4.762e-02
1439       4.743e-02
1440       4.743e-02
1441       4.743e-02
1442       4.743e-02
1443       4.743e-02
1444       4.715e-02
1445       4.710e-02
1446       4.710e-02
1447       4.710e-02
1448       4.710e-02
1449       4.710e-02
1450       4.680e-02
1451       4.680e-02
1452       4.680e-02
1453       4.667e-02
1454       4.667e-02
1455       4.655e-02
1456       4.646e-02
1457       4.615e-02
1458       4.615e-02
1459       4.615e-02
1460       4.615e-02
1461       4.615e-02
1462       4.598e-02
1463       4.598e-02
1464       4.588e-02
1465       4.588e-02
1466       4.571e-02
1467       4.558e-02
1468       4.549e-02
1469       4.545e-02
1470       4.521e-02
1471       4.497e-02
1472       4.444e-02
1473       4.433e-02
1474       4.433e-02
1475       4.433e-02
1476       4.433e-02
1477       4.433e-02
1478       4.382e-02
1479       4.370e-02
1480       4.370e-02
1481       4.370e-02
1482       4.368e-02
1483       4.354e-02
1484       4.348e-02
1485       4.348e-02
1486       4.348e-02
1487       4.348e-02
1488       4.348e-02
1489       4.333e-02
1490       4.333e-02
1491       4.333e-02
1492       4.333e-02
1493       4.332e-02
1494       4.329e-02
1495       4.329e-02
1496       4.329e-02
1497       4.329e-02
1498       4.329e-02
1499       4.268e-02
1500       4.234e-02
1501       4.233e-02
1502       4.233e-02
1503       4.187e-02
1504       4.187e-02
1505       4.146e-02
1506       4.145e-02
1507       4.138e-02
1508       4.125e-02
1509       4.024e-02
1510       4.000e-02
1511       4.000e-02
1512       4.000e-02
1513       4.000e-02
1514       4.000e-02
1515       3.989e-02
1516       3.968e-02
1517       3.968e-02
1518       3.953e-02
1519       3.941e-02
1520       3.904e-02
1521       3.896e-02
1522       3.896e-02
1523       3.896e-02
1524       3.876e-02
1525       3.871e-02
1526       3.704e-02
1527       3.704e-02
1528       3.667e-02
1529       3.667e-02
1530       3.644e-02
1531       3.629e-02
1532       3.623e-02
1533       3.623e-02
1534       3.604e-02
1535       3.598e-02
1536       3.598e-02
1537       3.557e-02
1538       3.557e-02
1539       3.557e-02
1540       3.544e-02
1541       3.463e-02
1542       3.463e-02
1543       3.439e-02
1544       3.419e-02
1545       3.333e-02
1546       3.303e-02
1547       3.261e-02
1548       3.261e-02
1549       3.261e-02
1550       3.261e-02
1551       3.226e-02
1552       3.175e-02
1553       3.162e-02
1554       3.077e-02
1555       3.030e-02
1556       3.000e-02
1557       2.910e-02
1558       2.910e-02
1559       2.910e-02
1560       2.787e-02
1561       2.769e-02
1562       2.767e-02
1563       2.703e-02
1564       2.597e-02
1565       2.597e-02
1566       2.597e-02
1567       2.462e-02
1568       2.462e-02
1569       2.217e-02
1570       1.852e-02
1571       1.812e-02
1572       1.732e-02
1573       1.299e-02
1574       8.658e-03
